~	        î  $   PROGRAM	ID	 ;	.	,	CONST	=	INTEIRO	VAR	:	INTEGER	OF	PROCEDURE	(	)	BEGIN	END	:=	CALL	IF	THEN	ELSE	WHILE	DO	REPEAT	UNTIL	READLN	WRITELN	LITERAL	CASE	FOR	TO	<	>	>=	<=	<>	+	-	OR	*	/	AND	NOT
<PROGRAMA>	-1	-1	0	-1	-1	-1	-1	-1	-1	-1	-1	-1	-1	-1	-1	-1	-1	-1	-1	-1	-1	-1	-1	-1	-1	-1	-1	-1	-1	-1	-1	-1	-1	-1	-1	-1	-1	-1	-1	-1	-1	-1	-1	-1	-1	-1	
<BLOCO> -1	-1	-1	-1	-1	-1	-1	1	-1	-1	1	-1	-1	-1	1	-1	-1	1	-1	-1	-1	-1	-1	-1	-1	-1	-1	-1	-1	-1	-1	-1	-1	-1	-1	-1	-1	-1	-1	-1	-1	-1	-1	-1	-1	-1		
<LID>	-1	-1	-1	2	-1	-1	-1	-1	-1	-1	-1	-1	-1	-1	-1	-1	-1	-1	-1	-1	-1	-1	-1	-1	-1	-1	-1	-1	-1	-1	-1	-1	-1	-1	-1	-1	-1	-1	-1	-1	-1	-1	-1	-1	-1	-1		
<REPID>	3	-1	-1	-1	3	-1	4	-1	-1	-1	-1	3	-1	-1	-1	-1	-1	-1	-1	-1	-1	-1	-1	-1	-1	-1	-1	-1	-1	-1	-1	-1	-1	-1	-1	-1	-1	-1	-1	-1	-1	-1	-1	-1	-1	-1	
<DCLCONST>	8	-1	-1	-1	-1	-1	-1	5	-1	-1	8	-1	-1	-1	8	-1	-1	8	-1	-1	-1	-1	-1	-1	-1	-1	-1	-1	-1	-1	-1	-1	-1	-1	-1	-1	-1	-1	-1	-1	-1	-1	-1	-1	-1	-1	
<LDCONST>	6	-1	-1	7	-1	-1	-1	-1	-1	-1	6	-1	-1	-1	6	-1	-1	6	-1	-1	-1	-1	-1	-1	-1	-1	-1	-1	-1	-1	-1	-1	-1	-1	-1	-1	-1	-1	-1	-1	-1	-1	-1	-1	-1	-1	
<DCLVAR>	12	-1	-1	-1	-1	-1	-1	-1	-1	-1	9	-1	-1	-1	12	-1	-1	12	-1	-1	-1	-1	-1	-1	-1	-1	-1	-1	-1	-1	-1	-1	-1	-1	-1	-1	-1	-1	-1	-1	-1	-1	-1	-1	-1	-1	
<LDVAR>	10	-1	-1	11	-1	-1	-1	-1	-1	-1	-1	-1	-1	-1	10	-1	-1	10	-1	-1	-1	-1	-1	-1	-1	-1	-1	-1	-1	-1	-1	-1	-1	-1	-1	-1	-1	-1	-1	-1	-1	-1	-1	-1	-1	-1
<TIPO>	-1	-1	-1	-1	-1	-1	-1	-1	-1	-1	-1	-1	13	-1	-1	-1	-1	-1	-1	-1	-1	-1	-1	-1	-1	-1	-1	-1	-1	-1	-1	-1	-1	-1	-1	-1	-1	-1	-1	-1	-1	-1	-1	-1	-1	-1	
<DCLPROC>	15	-1	-1	-1	-1	-1	-1	-1	-1	-1	-1	-1	-1	-1	14	-1	-1	15	-1	-1	-1	-1	-1	-1	-1	-1	-1	-1	-1	-1	-1	-1	-1	-1	-1	-1	-1	-1	-1	-1	-1	-1	-1	-1	-1	-1	
<DEFPAR>	16	-1	-1	-1	16	-1	-1	-1	-1	-1	-1	-1	-1	-1	-1	17	-1	-1	-1	-1	-1	-1	-1	-1	-1	-1	-1	-1	-1	-1	-1	-1	-1	-1	-1	-1	-1	-1	-1	-1	-1	-1	-1	-1	-1	-1	
<CORPO>	-1	-1	-1	-1	-1	-1	-1	-1	-1	-1	-1	-1	-1	-1	-1	-1	-1	18	-1	-1	-1	-1	-1	-1	-1	-1	-1	-1	-1	-1	-1	-1	-1	-1	-1	-1	-1	-1	-1	-1	-1	-1	-1	-1	-1	-1	
<REPCOMANDO>	19	-1	-1	-1	20	-1	-1	-1	-1	-1	-1	-1	-1	-1	-1	-1	-1	-1	19	-1	-1	-1	-1	-1	-1	-1	-1	-1	-1	-1	-1	-1	-1	-1	-1	-1	-1	-1	-1	-1	-1	-1	-1	-1	-1	-1	
<COMANDO>	23	-1	-1	21	23	-1	-1	-1	-1	-1	-1	-1	-1	-1	-1	-1	-1	22	23	-1	24	29	-1	23	32	-1	33	23	34	38	-1	43	49	-1	-1	-1	-1	-1	-1	-1	-1	-1	-1	-1	-1	-1	
<PARAMETROS>	25	-1	-1	-1	25	-1	-1	-1	-1	-1	-1	-1	-1	-1	-1	26	-1	-1	25	-1	-1	-1	-1	25	-1	-1	-1	25	-1	-1	-1	-1	-1	-1	-1	-1	-1	-1	-1	-1	-1	-1	-1	-1	-1	-1	
<REPPAR>	27	-1	-1	-1	-1	-1	28	-1	-1	-1	-1	-1	-1	-1	-1	-1	27	-1	-1	-1	-1	-1	-1	-1	-1	-1	-1	-1	-1	-1	-1	-1	-1	-1	-1	-1	-1	-1	-1	-1	-1	-1	-1	-1	-1	-1	
<ELSEPARTE>	30	-1	-1	-1	30	-1	-1	-1	-1	-1	-1	-1	-1	-1	-1	-1	-1	-1	30	-1	-1	-1	-1	31	-1	-1	-1	30	-1	-1	-1	-1	-1	-1	-1	-1	-1	-1	-1	-1	-1	-1	-1	-1	-1	-1	
<VARIAVEL>	-1	-1	-1	35	-1	-1	-1	-1	-1	-1	-1	-1	-1	-1	-1	-1	-1	-1	-1	-1	-1	-1	-1	-1	-1	-1	-1	-1	-1	-1	-1	-1	-1	-1	-1	-1	-1	-1	-1	-1	-1	-1	-1	-1	-1	-1	
<REPVARIAVEL>	36	-1	-1	-1	-1	-1	37	-1	-1	-1	-1	-1	-1	-1	-1	-1	36	-1	-1	-1	-1	-1	-1	-1	-1	-1	-1	-1	-1	-1	-1	-1	-1	-1	-1	-1	-1	-1	-1	-1	-1	-1	-1	-1	-1	-1	
<ITEMSAIDA>	-1	-1	-1	40	-1	-1	-1	-1	-1	40	-1	-1	-1	-1	-1	40	-1	-1	-1	-1	-1	-1	-1	-1	-1	-1	-1	-1	-1	-1	39	-1	-1	-1	-1	-1	-1	-1	-1	40	40	-1	-1	-1	-1	40	
<REPITEM>	41	-1	-1	-1	-1	-1	42	-1	-1	-1	-1	-1	-1	-1	-1	-1	41	-1	-1	-1	-1	-1	-1	-1	-1	-1	-1	-1	-1	-1	-1	-1	-1	-1	-1	-1	-1	-1	-1	-1	-1	-1	-1	-1	-1	-1	
<EXPRESSAO>	-1	-1	-1	50	-1	-1	-1	-1	-1	50	-1	-1	-1	-1	-1	50	-1	-1	-1	-1	-1	-1	-1	-1	-1	-1	-1	-1	-1	-1	-1	-1	-1	-1	-1	-1	-1	-1	-1	50	50	-1	-1	-1	-1	50	
<REPEXPSIMP>	51	-1	-1	-1	51	-1	51	-1	52	-1	-1	-1	-1	51	-1	-1	51	-1	51	-1	-1	-1	51	51	-1	51	-1	51	-1	-1	-1	-1	-1	51	53	54	55	56	57	-1	-1	-1	-1	-1	-1	-1	
<EXPSIMP>	-1	-1	-1	60	-1	-1	-1	-1	-1	60	-1	-1	-1	-1	-1	60	-1	-1	-1	-1	-1	-1	-1	-1	-1	-1	-1	-1	-1	-1	-1	-1	-1	-1	-1	-1	-1	-1	-1	58	59	-1	-1	-1	-1	60	
<REPEXP>	64	-1	-1	-1	64	-1	64	-1	64	-1	-1	-1	-1	64	-1	-1	64	-1	64	-1	-1	-1	64	64	-1	64	-1	64	-1	-1	-1	-1	-1	64	64	64	64	64	64	61	62	63	-1	-1	-1	64	
<TERMO>	-1	-1	-1	65	-1	-1	-1	-1	-1	65	-1	-1	-1	-1	-1	65	-1	-1	-1	-1	-1	-1	-1	-1	-1	-1	-1	-1	-1	-1	-1	-1	-1	-1	-1	-1	-1	-1	-1	-1	-1	-1	-1	-1	-1	65	
<REPTERMO>	66	-1	-1	-1	66	-1	66	-1	66	-1	-1	-1	-1	66	-1	-1	66	-1	66	-1	-1	-1	66	66	-1	66	-1	66	-1	-1	-1	-1	-1	66	66	66	66	66	66	66	66	66	67	68	69	-1	
<FATOR>	-1	-1	-1	73	-1	-1	-1	-1	-1	70	-1	-1	-1	-1	-1	71	-1	-1	-1	-1	-1	-1	-1	-1	-1	-1	-1	-1	-1	-1	-1	-1	-1	-1	-1	-1	-1	-1	-1	-1	-1	-1	-1	-1	-1	72	
<CONDCASE>	-1	-1	-1	-1	-1	-1	-1	-1	-1	44	-1	-1	-1	-1	-1	-1	-1	-1	-1	-1	-1	-1	-1	-1	-1	-1	-1	-1	-1	-1	-1	-1	-1	-1	-1	-1	-1	-1	-1	-1	-1	-1	-1	-1	-1	-1	
<CONTCASE>	47	-1	-1	-1	48	-1	-1	-1	-1	-1	-1	-1	-1	-1	-1	-1	-1	-1	47	-1	-1	-1	-1	-1	-1	-1	-1	-1	-1	-1	-1	-1	-1	-1	-1	-1	-1	-1	-1	-1	-1	-1	-1	-1	-1	-1	
<RPINTEIRO>	46	-1	-1	-1	-1	-1	45	-1	-1	-1	-1	46	-1	-1	-1	-1	-1	-1	-1	-1	-1	-1	-1	-1	-1	-1	-1	-1	-1	-1	-1	-1	-1	-1	-1	-1	-1	-1	-1	-1	-1	-1	-1	-1	-1	-1	